42   0  1589584  1565866  1613302 12.9 12.7 13.1   482298   468656   495940 18.4 17.9 18.9   329959   318035   341883 17.2 16.6 17.8  56897  56540  57254  139441  132852  146030 20.1 19.2 21.0 Pennsylvania                                  PA est16-pa.txt 02NOV2017
42   1     9218     7624    10812  9.4  7.8 11.0     2823     2278     3368 14.0 11.3 16.7     1973     1585     2361 13.0 10.4 15.6  59645  55921  63369                                        Adams County                                  PA est16-pa.txt 02NOV2017
42   3   137017   128609   145425 11.5 10.8 12.2    34743    31114    38372 15.2 13.6 16.8    22384    19218    25550 13.6 11.7 15.5  56099  54991  57207                                        Allegheny County                              PA est16-pa.txt 02NOV2017
42   5     9100     7778    10422 13.8 11.8 15.8     2443     1959     2927 19.5 15.6 23.4     1643     1280     2006 17.7 13.8 21.6  46968  44040  49896                                        Armstrong County                              PA est16-pa.txt 02NOV2017
42   7    15998    12958    19038  9.7  7.9 11.5     5035     3979     6091 15.5 12.2 18.8     3350     2612     4088 14.2 11.1 17.3  54715  52621  56809                                        Beaver County                                 PA est16-pa.txt 02NOV2017
42   9     6550     5607     7493 13.7 11.7 15.7     1642     1296     1988 17.3 13.7 20.9     1161      908     1414 16.2 12.7 19.7  44834  41428  48240                                        Bedford County                                PA est16-pa.txt 02NOV2017
42  11    52766    47775    57757 13.1 11.9 14.3    18364    16329    20399 19.9 17.7 22.1    12889    11402    14376 19.0 16.8 21.2  59205  56735  61675                                        Berks County                                  PA est16-pa.txt 02NOV2017
42  13    16430    13872    18988 13.6 11.5 15.7     5221     4220     6222 20.7 16.7 24.7     3660     2919     4401 19.6 15.6 23.6  44197  41034  47360                                        Blair County                                  PA est16-pa.txt 02NOV2017
42  15     6904     5501     8307 11.5  9.2 13.8     2345     1823     2867 18.0 14.0 22.0     1631     1243     2019 17.2 13.1 21.3  50567  47518  53616                                        Bradford County                               PA est16-pa.txt 02NOV2017
42  17    40872    35694    46050  6.6  5.8  7.4    10312     8555    12069  8.0  6.6  9.4     7371     6118     8624  7.5  6.2  8.8  80132  77618  82646                                        Bucks County                                  PA est16-pa.txt 02NOV2017
42  19    13334    10760    15908  7.3  5.9  8.7     3308     2542     4074  8.9  6.8 11.0     2294     1746     2842  8.3  6.3 10.3  66277  64018  68536                                        Butler County                                 PA est16-pa.txt 02NOV2017
42  21    20033    17466    22600 15.6 13.6 17.6     5868     5087     6649 23.1 20.0 26.2     4099     3514     4684 21.7 18.6 24.8  43614  41105  46123                                        Cambria County                                PA est16-pa.txt 02NOV2017
42  23      655      515      795 14.2 11.2 17.2      192      148      236 24.3 18.7 29.9      137      104      170 25.0 18.9 31.1  39069  35251  42887                                        Cameron County                                PA est16-pa.txt 02NOV2017
42  25     8210     6898     9522 13.1 11.0 15.2     2489     2038     2940 20.7 16.9 24.5     1627     1297     1957 17.8 14.2 21.4  51021  46857  55185                                        Carbon County                                 PA est16-pa.txt 02NOV2017
42  27    24173    22055    26291 17.0 15.5 18.5     2831     2236     3426 11.7  9.3 14.1     1887     1473     2301 10.7  8.3 13.1  59070  56311  61829                                        Centre County                                 PA est16-pa.txt 02NOV2017
42  29    35349    31039    39659  7.0  6.1  7.9     8822     7212    10432  7.5  6.1  8.9     6083     4951     7215  6.9  5.6  8.2  92551  89915  95187                                        Chester County                                PA est16-pa.txt 02NOV2017
42  31     5628     4618     6638 15.2 12.5 17.9     1423     1138     1708 20.1 16.1 24.1     1007      804     1210 19.5 15.6 23.4  44670  42008  47332                                        Clarion County                                PA est16-pa.txt 02NOV2017
42  33    10543     8836    12250 14.1 11.8 16.4     3215     2630     3800 22.0 18.0 26.0     2206     1757     2655 20.3 16.2 24.4  46173  43087  49259                                        Clearfield County                             PA est16-pa.txt 02NOV2017
42  35     6543     5712     7374 17.8 15.5 20.1     1761     1435     2087 22.6 18.4 26.8     1166      918     1414 20.6 16.2 25.0  46742  44504  48980                                        Clinton County                                PA est16-pa.txt 02NOV2017
42  37     8349     6850     9848 13.5 11.1 15.9     1962     1535     2389 17.0 13.3 20.7     1365     1054     1676 16.1 12.4 19.8  48821  45520  52122                                        Columbia County                               PA est16-pa.txt 02NOV2017
42  39    11832     9969    13695 14.4 12.1 16.7     3903     3098     4708 21.8 17.3 26.3     2773     2215     3331 21.3 17.0 25.6  45388  42698  48078                                        Crawford County                               PA est16-pa.txt 02NOV2017
42  41    18620    15781    21459  7.9  6.7  9.1     5234     4236     6232 10.5  8.5 12.5     3595     2828     4362  9.9  7.8 12.0  64116  60932  67300                                        Cumberland County                             PA est16-pa.txt 02NOV2017
42  43    30247    26615    33879 11.3  9.9 12.7    10886     9002    12770 18.4 15.2 21.6     7275     5922     8628 17.6 14.3 20.9  59958  58263  61653                                        Dauphin County                                PA est16-pa.txt 02NOV2017
42  45    58546    52672    64420 10.8  9.7 11.9    18912    16548    21276 15.4 13.5 17.3    12899    11167    14631 14.4 12.5 16.3  67773  64957  70589                                        Delaware County                               PA est16-pa.txt 02NOV2017
42  47     3025     2404     3646 10.1  8.0 12.2      810      639      981 14.0 11.0 17.0      540      416      664 12.6  9.7 15.5  49274  44884  53664                                        Elk County                                    PA est16-pa.txt 02NOV2017
42  49    41331    37231    45431 15.7 14.1 17.3    14063    12096    16030 24.0 20.6 27.4     9539     7988    11090 22.2 18.6 25.8  48820  46743  50897                                        Erie County                                   PA est16-pa.txt 02NOV2017
42  51    22645    19865    25425 17.5 15.3 19.7     7212     6170     8254 28.6 24.5 32.7     4894     4095     5693 26.6 22.3 30.9  42056  39367  44745                                        Fayette County                                PA est16-pa.txt 02NOV2017
42  53     1172      902     1442 24.6 18.9 30.3      124       94      154 57.1 43.4 70.8       75       55       95 50.3 37.2 63.4  38819  35267  42371                                        Forest County                                 PA est16-pa.txt 02NOV2017
42  55    13779    11076    16482  9.1  7.3 10.9     4728     3708     5748 14.1 11.1 17.1     3257     2518     3996 13.3 10.3 16.3  59474  56095  62853                                        Franklin County                               PA est16-pa.txt 02NOV2017
42  57     1527     1204     1850 10.6  8.4 12.8      499      381      617 17.1 13.1 21.1      350      265      435 16.3 12.3 20.3  47450  44027  50873                                        Fulton County                                 PA est16-pa.txt 02NOV2017
42  59     5362     4403     6321 15.7 12.9 18.5     1485     1170     1800 21.2 16.7 25.7     1012      779     1245 19.9 15.3 24.5  50579  45962  55196                                        Greene County                                 PA est16-pa.txt 02NOV2017
42  61     5522     4480     6564 13.6 11.0 16.2     1568     1208     1928 18.6 14.3 22.9     1082      818     1346 17.5 13.2 21.8  46684  43803  49565                                        Huntingdon County                             PA est16-pa.txt 02NOV2017
42  63    16198    14544    17852 20.0 18.0 22.0     3818     3196     4440 24.9 20.8 29.0     2554     2105     3003 22.9 18.9 26.9  43171  40908  45434                                        Indiana County                                PA est16-pa.txt 02NOV2017
42  65     5743     4920     6566 13.3 11.4 15.2     1741     1402     2080 19.0 15.3 22.7     1154      892     1416 17.4 13.4 21.4  42670  40292  45048                                        Jefferson County                              PA est16-pa.txt 02NOV2017
42  67     2490     1927     3053 10.2  7.9 12.5      906      699     1113 16.7 12.9 20.5      633      483      783 15.5 11.8 19.2  49506  46130  52882                                        Juniata County                                PA est16-pa.txt 02NOV2017
42  69    28739    25264    32214 14.1 12.4 15.8     7915     6520     9310 18.8 15.5 22.1     5687     4658     6716 18.4 15.1 21.7  47398  45246  49550                                        Lackawanna County                             PA est16-pa.txt 02NOV2017
42  71    56082    49574    62590 10.7  9.5 11.9    19967    17069    22865 15.8 13.5 18.1    13590    11450    15730 14.9 12.6 17.2  61347  59920  62774                                        Lancaster County                              PA est16-pa.txt 02NOV2017
42  73    11672     9651    13693 13.7 11.3 16.1     3553     2786     4320 20.6 16.2 25.0     2460     1895     3025 19.4 14.9 23.9  46727  43767  49687                                        Lawrence County                               PA est16-pa.txt 02NOV2017
42  75    13361    10999    15723  9.9  8.2 11.6     4702     3720     5684 15.0 11.9 18.1     3150     2421     3879 13.7 10.5 16.9  56971  54180  59762                                        Lebanon County                                PA est16-pa.txt 02NOV2017
42  77    48796    44024    53568 13.8 12.5 15.1    16518    14340    18696 20.4 17.7 23.1    12365    10774    13956 20.8 18.1 23.5  60243  58437  62049                                        Lehigh County                                 PA est16-pa.txt 02NOV2017
42  79    44618    39799    49437 14.6 13.0 16.2    14243    12372    16114 23.4 20.3 26.5     9728     8296    11160 21.7 18.5 24.9  46452  44529  48375                                        Luzerne County                                PA est16-pa.txt 02NOV2017
42  81    16033    13549    18517 14.6 12.3 16.9     4902     4046     5758 21.1 17.4 24.8     3401     2759     4043 20.4 16.5 24.3  48962  47227  50697                                        Lycoming County                               PA est16-pa.txt 02NOV2017
42  83     6711     5651     7771 17.4 14.6 20.2     2128     1754     2502 26.8 22.1 31.5     1467     1188     1746 24.8 20.1 29.5  43082  40156  46008                                        Mc Kean County                                PA est16-pa.txt 02NOV2017
42  85    17133    14950    19316 16.1 14.0 18.2     5582     4791     6373 26.0 22.3 29.7     3695     3070     4320 23.3 19.4 27.2  49187  47082  51292                                        Mercer County                                 PA est16-pa.txt 02NOV2017
42  87     6711     5517     7905 14.7 12.1 17.3     2329     1824     2834 23.0 18.0 28.0     1631     1264     1998 22.3 17.3 27.3  43245  39751  46739                                        Mifflin County                                PA est16-pa.txt 02NOV2017
42  89    19303    15945    22661 12.0  9.9 14.1     5795     4622     6968 17.6 14.0 21.2     4103     3242     4964 16.1 12.7 19.5  59574  55299  63849                                        Monroe County                                 PA est16-pa.txt 02NOV2017
42  91    49697    44631    54763  6.2  5.6  6.8    13638    11674    15602  7.8  6.7  8.9     9181     7656    10706  7.0  5.8  8.2  84156  81805  86507                                        Montgomery County                             PA est16-pa.txt 02NOV2017
42  93     1966     1606     2326 11.2  9.2 13.2      671      550      792 19.0 15.6 22.4      417      327      507 16.4 12.9 19.9  54861  50745  58977                                        Montour County                                PA est16-pa.txt 02NOV2017
42  95    27078    22314    31842  9.3  7.7 10.9     8463     6994     9932 14.1 11.7 16.5     5456     4378     6534 12.1  9.7 14.5  65730  62965  68495                                        Northampton County                            PA est16-pa.txt 02NOV2017
42  97    12924    10908    14940 14.6 12.3 16.9     3828     3150     4506 21.5 17.7 25.3     2547     2008     3086 19.6 15.5 23.7  46783  44296  49270                                        Northumberland County                         PA est16-pa.txt 02NOV2017
42  99     4082     3317     4847  9.1  7.4 10.8     1361     1058     1664 14.1 11.0 17.2      939      726     1152 13.6 10.5 16.7  59244  54345  64143                                        Perry County                                  PA est16-pa.txt 02NOV2017
42 101   384148   367758   400538 25.3 24.2 26.4   126144   118627   133661 37.2 35.0 39.4    86599    80806    92392 37.0 34.5 39.5  41514  40460  42568                                        Philadelphia County                           PA est16-pa.txt 02NOV2017
42 103     5397     4297     6497  9.8  7.8 11.8     1611     1245     1977 15.7 12.1 19.3     1143      869     1417 13.9 10.6 17.2  60082  55708  64456                                        Pike County                                   PA est16-pa.txt 02NOV2017
42 105     2335     1868     2802 14.0 11.2 16.8      830      643     1017 24.1 18.7 29.5      560      424      696 22.1 16.8 27.4  44267  40443  48091                                        Potter County                                 PA est16-pa.txt 02NOV2017
42 107    17479    15262    19696 12.8 11.2 14.4     4846     4057     5635 17.6 14.7 20.5     3373     2737     4009 16.4 13.3 19.5  50299  48727  51871                                        Schuylkill County                             PA est16-pa.txt 02NOV2017
42 109     4775     4005     5545 12.7 10.7 14.7     1691     1421     1961 19.8 16.6 23.0     1093      884     1302 17.5 14.1 20.9  52487  48565  56409                                        Snyder County                                 PA est16-pa.txt 02NOV2017
42 111     9885     8213    11557 14.1 11.7 16.5     3033     2479     3587 22.6 18.5 26.7     2090     1682     2498 21.0 16.9 25.1  43938  41629  46247                                        Somerset County                               PA est16-pa.txt 02NOV2017
42 113      768      587      949 12.8  9.8 15.8      158      120      196 22.2 16.8 27.6      101       75      127 21.0 15.7 26.3  43426  39102  47750                                        Sullivan County                               PA est16-pa.txt 02NOV2017
42 115     5117     4264     5970 12.7 10.6 14.8     1515     1199     1831 19.8 15.7 23.9     1025      786     1264 17.7 13.6 21.8  47518  43694  51342                                        Susquehanna County                            PA est16-pa.txt 02NOV2017
42 117     5289     4348     6230 13.3 10.9 15.7     1476     1150     1802 18.5 14.4 22.6      999      744     1254 17.2 12.8 21.6  49004  45692  52316                                        Tioga County                                  PA est16-pa.txt 02NOV2017
42 119     4284     3323     5245 11.8  9.2 14.4     1073      841     1305 13.5 10.6 16.4      693      522      864 11.8  8.9 14.7  57013  52115  61911                                        Union County                                  PA est16-pa.txt 02NOV2017
42 121     7507     6407     8607 14.6 12.5 16.7     2222     1753     2691 21.7 17.1 26.3     1436     1087     1785 19.0 14.4 23.6  41395  38961  43829                                        Venango County                                PA est16-pa.txt 02NOV2017
42 123     6007     5146     6868 15.3 13.1 17.5     1984     1655     2313 26.1 21.8 30.4     1407     1169     1645 25.1 20.8 29.4  43896  40366  47426                                        Warren County                                 PA est16-pa.txt 02NOV2017
42 125    19752    16734    22770  9.7  8.2 11.2     4639     3676     5602 11.5  9.1 13.9     3146     2433     3859 10.6  8.2 13.0  58068  54909  61227                                        Washington County                             PA est16-pa.txt 02NOV2017
42 127     6427     5256     7598 13.7 11.2 16.2     1592     1239     1945 18.7 14.5 22.9     1144      885     1403 17.9 13.9 21.9  49357  45144  53570                                        Wayne County                                  PA est16-pa.txt 02NOV2017
42 129    34269    29982    38556  9.8  8.6 11.0     9150     7645    10655 14.1 11.8 16.4     6318     5188     7448 13.0 10.7 15.3  56544  54976  58112                                        Westmoreland County                           PA est16-pa.txt 02NOV2017
42 131     3021     2407     3635 11.3  9.0 13.6      908      701     1115 17.1 13.2 21.0      617      466      768 15.6 11.8 19.4  55836  52869  58803                                        Wyoming County                                PA est16-pa.txt 02NOV2017
42 133    42508    37499    47517  9.8  8.6 11.0    13140    11058    15222 13.6 11.4 15.8     8833     7186    10480 12.3 10.0 14.6  62305  59835  64775                                        York County                                   PA est16-pa.txt 02NOV2017